4294967278,475
4294967279,524
4294967278,213
4294967279,523
4294967278,474
4294967278,473
4294967278,472
4294967278,471
4294967279,522
4294967279,521
4294967278,470
4294967278,469
4294967278,468
4294967279,520
4294967279,519
4294967279,518
4294967279,517
4294967278,467
4294967294,1039
4294967278,466
4294967279,279
4294967278,465
4294967279,516
6,2
4294967279,273
4294967278,464
4294967278,463
10,4
4294967279,262
4294967279,515
4294967294,50
4294967294,180
4294967294,168
4294967294,162
4294967294,1418
4294967294,81
4294967294,1419
4294967294,68
9,2
4294967278,462
4294967278,389
4294967278,386
11,4
4294967279,514
4294967279,513
4294967278,461
4294967278,460
4294967279,512
4294967278,459
6,5
4294967278,458
4294967278,457
4294967278,456
4294967279,57
9,4
4294967293,131
4294967293,130
4294967293,129
4294967293,128
4294967293,127
4294967293,126
4294967293,125
4294967293,124
4294967293,123
4294967293,122
4294967293,121
4294967293,120
4294967293,119
4294967293,118
4294967293,117
4294967293,116
4294967293,115
4294967293,114
4294967293,113
4294967293,112
4294967293,111
4294967293,110
4294967293,109
4294967293,108
4294967293,107
4294967293,106
4294967293,105
4294967293,104
4294967293,103
4294967293,102
4294967293,101
4294967293,100
4294967293,99
4294967293,98
4294967293,97
4294967293,96
4294967293,95
4294967293,94
4294967293,93
4294967293,92
4294967293,91
4294967293,90
4294967293,89
4294967293,87
4294967293,86
4294967293,85
4294967293,84
4294967293,83
4294967293,82
4294967293,81
4294967293,80
4294967293,79
4294967293,78
4294967293,77
4294967293,76
4294967293,75
4294967293,74
4294967293,73
4294967293,72
4294967293,71
4294967293,70
4294967293,69
4294967293,68
4294967293,67
4294967293,66
4294967293,65
4294967293,64
4294967293,63
4294967293,62
4294967293,61
4294967293,60
4294967293,59
4294967293,58
4294967293,57
4294967293,56
4294967293,55
4294967293,54
4294967293,53
4294967293,52
4294967293,51
4294967293,50
4294967293,49
4294967293,48
4294967293,47
4294967293,46
4294967293,45
4294967293,44
4294967293,43
4294967293,42
4294967293,41
4294967293,40
4294967293,39
4294967293,38
4294967293,37
4294967293,36
4294967293,35
4294967293,34
4294967293,33
4294967293,32
4294967293,31
4294967293,30
4294967293,29
4294967293,28
4294967293,27
4294967293,26
4294967293,25
4294967293,24
4294967293,23
4294967293,22
4294967293,21
4294967293,20
4294967293,19
4294967293,18
4294967293,17
4294967293,16
4294967293,15
4294967293,14
4294967293,13
4294967293,12
4294967293,11
4294967293,10
4294967293,9
4294967293,8
4294967293,7
4294967293,6
4294967293,5
4294967293,4
4294967293,3
4294967278,316
4294967278,132
4294967278,130
4294967278,129
4294967278,255
4294967278,126
4294967278,383
4294967278,125
4294967278,124
4294967278,120
4294967278,308
4294967278,114
4294967278,233
4294967278,111
4294967278,421
4294967278,104
4294967278,2
4294967278,381
4294967278,99
4294967278,380
4294967278,98
4294967278,93
4294967278,375
4294967278,87
4294967278,374
4294967278,86
4294967278,373
4294967278,85
4294967278,416
4294967278,84
4294967278,83
4294967278,370
4294967278,82
4294967278,81
4294967278,80
4294967278,78
4294967278,77
4294967278,362
4294967278,73
4294967278,67
4294967278,62
4294967278,57
4294967278,395
4294967278,56
4294967278,348
4294967278,55
4294967278,346
4294967278,54
4294967278,53
4294967278,52
4294967278,50
4294967278,49
4294967278,341
4294967278,48
4294967278,46
4294967278,45
4294967278,43
4294967278,337
4294967278,42
4294967278,41
4294967278,40
4294967278,39
4294967278,38
4294967278,398
4294967278,37
4294967278,36
4294967278,35
4294967278,34
4294967278,33
4294967278,32
4294967278,31
4294967278,30
4294967278,29
4294967278,28
4294967278,27
4294967278,26
4294967278,25
4294967278,24
4294967278,23
4294967278,22
4294967278,21
4294967278,20
4294967278,19
4294967278,18
4294967278,17
4294967278,16
4294967278,15
4294967278,174
4294967279,492
4294967279,442
4294967279,89
4294967279,441
4294967279,85
4294967279,482
4294967279,78
4294967279,428
4294967279,73
4294967279,304
4294967279,68
4294967279,67
4294967279,63
4294967279,418
4294967279,62
4294967279,302
4294967279,58
4294967279,415
4294967279,414
4294967279,56
4294967279,413
4294967279,55
4294967279,53
4294967279,409
4294967279,52
4294967279,51
4294967279,50
4294967279,407
4294967279,49
4294967279,495
4294967279,406
4294967279,48
4294967279,47
4294967279,491
4294967279,46
4294967279,174
4294967279,45
4294967279,300
4294967279,43
4294967279,42
4294967279,41
4294967279,400
4294967279,38
4294967279,37
4294967279,36
4294967279,33
4294967279,32
4294967279,31
4294967279,27
4294967279,26
4294967279,22
4294967279,394
4294967279,21
4294967279,282
4294967279,16
4294967279,390
4294967279,7
4294967279,410
4294967279,0
4294967279,260
4294967279,6
4294967278,92
4294967278,91
4294967278,90
4294967278,376
4294967278,455
4294967278,88
4294967278,260
4294967278,0
4294967278,89
3,4
6,4
6,6
4294967279,202
7,4
3,5
4294967294,30
4294967294,165
0,5
4294967294,1550
4294967294,472
4294967294,474
4294967294,10
4294967294,438
4294967294,182
4294967294,173
4294967294,170
4294967294,1035
4294967294,184
4294967294,188
4294967294,11
4294967294,104
4294967294,106
4294967294,175
4294967294,17
4294967294,42
4294967294,76
4294967294,41
4294967294,43
4294967294,52
4294967294,1041
4294967294,18
4294967294,127
4294967294,14
4294967294,126
4294967294,20
4294967294,13
4294967294,24
4294967294,12
4294967294,119
4294967294,67
4294967294,5
4294967294,1603
4294967294,900
4294967294,898
4294967294,897
4294967294,896
4294967294,1629
4294967294,998
4294967294,1631
4294967294,433
4294967294,434
4294967294,1426
4294967294,92
4294967294,91
4294967294,90
4294967294,88
4294967294,87
4294967294,86
4294967294,85
4294967294,83
4294967294,82
4294967294,1048
4294967294,84
4294967294,99
4294967294,2
4294967294,435
4294967294,1
4294967294,107
4294967278,365
4294967278,414
4294967279,486
4294967279,423
4294967279,485
4294967278,420
4294967279,408
4294967279,402
4294967279,484
4294967279,296
4294967279,398
4294967279,396
4294967279,138
4294967278,425
4294967279,489
4294967279,387
4294967278,314
4294967278,419
4294967278,249
4294967279,493
4294967278,418
4294967294,1602
4294967294,29
4294967294,1455
4294967294,1271
4294967294,1016
4294967294,27
4294967294,28
4294967294,25
4294967294,296
4294967294,294
4294967294,26
4294967294,293
4294967294,292
4294967294,290
4294967294,159
4294967294,288
4294967294,287
4294967294,286
4294967294,284
4294967294,282
4294967294,281
4294967294,280
4294967294,278
4294967294,277
4294967294,276
4294967294,273
4294967294,272
4294967294,271
4294967294,270
4294967294,268
4294967294,267
4294967294,263
4294967294,260
4294967294,254
4294967294,253
4294967294,252
4294967294,155
4294967294,249
4294967294,248
4294967294,247
4294967294,245
4294967294,244
4294967294,238
4294967294,236
4294967294,234
4294967294,233
4294967294,229
4294967294,228
4294967294,226
4294967294,225
4294967294,224
4294967294,223
4294967294,222
4294967294,221
4294967294,220
4294967294,1625
4294967294,213
4294967294,212
4294967294,152
4294967294,206
4294967294,203
4294967294,200
4294967294,197
4294967294,196
4294967294,195
4294967294,194
4294967294,1626
4294967294,192
4294967294,831
4294967294,829
4294967294,828
4294967294,827
4294967294,826
4294967294,823
4294967294,822
4294967294,821
4294967294,820
4294967294,819
4294967294,818
4294967294,815
4294967294,813
4294967294,812
4294967294,809
4294967294,808
4294967294,807
4294967294,805
4294967294,803
4294967294,799
4294967294,796
4294967294,795
4294967294,792
4294967294,791
4294967294,790
4294967294,786
4294967294,785
4294967294,783
4294967294,149
4294967294,782
4294967294,147
4294967294,779
4294967294,778
4294967294,777
4294967294,775
4294967294,771
4294967294,145
4294967294,770
4294967294,769
4294967294,765
4294967294,764
4294967294,763
4294967294,761
4294967294,759
4294967294,758
4294967294,757
4294967294,756
4294967294,988
4294967294,753
4294967294,752
4294967294,751
4294967294,750
4294967294,749
4294967294,748
4294967294,747
4294967294,743
4294967294,738
4294967294,737
4294967294,736
4294967294,735
4294967294,734
4294967294,733
4294967294,1622
4294967294,730
4294967294,729
4294967294,725
4294967294,724
4294967294,723
4294967294,722
4294967294,721
4294967294,719
4294967294,718
4294967294,715
4294967294,712
4294967294,711
4294967294,710
4294967294,707
4294967294,706
4294967294,138
4294967294,705
4294967294,704
4294967294,703
4294967294,696
4294967294,137
4294967294,693
4294967294,688
4294967294,687
4294967294,685
4294967294,1210
4294967294,682
4294967294,1420
4294967294,678
4294967294,677
4294967294,676
4294967294,674
4294967294,1624
4294967294,670
4294967294,669
4294967294,131
4294967294,668
4294967294,667
4294967294,666
4294967294,665
4294967294,662
4294967294,660
4294967294,658
4294967294,1425
4294967294,656
4294967294,654
4294967294,651
4294967294,649
4294967294,648
4294967294,645
4294967294,644
4294967294,0
4294967294,1259
4294967294,642
4294967294,641
4294967294,640
4294967294,1254
4294967294,633
4294967294,461
4294967294,631
4294967294,626
4294967294,129
4294967294,625
4294967294,623
4294967294,622
4294967294,620
4294967294,630
4294967294,618
4294967294,617
4294967294,146
4294967294,132
4294967294,975
4294967294,615
4294967294,1206
4294967294,614
4294967294,613
4294967294,143
4294967294,611
4294967294,134
4294967294,136
4294967294,610
4294967294,156
4294967294,460
4294967294,609
4294967294,608
4294967294,431
4294967294,607
4294967294,154
4294967294,606
4294967294,150
4294967294,141
4294967294,133
4294967294,153
4294967294,128
4294967294,605
4294967294,142
4294967294,814
4294967294,130
4294967294,70
4294967294,148
4294967294,72
4294967294,811
4294967294,139
4294967294,71
1,3
1,0
4294967294,1211
4294967294,1623
4294967294,1422
4294967294,1456
4294967294,1448
4294967279,439
4294967279,405
4294967279,479
4294967278,412
4294967278,415
4294967278,366
4294967279,432
4294967279,481
4294967278,357
4294967278,413
4294967294,1619
4294967294,452
4294967294,451
4294967294,450
4294967294,449
4294967294,183
4294967294,448
4294967294,420
4294967294,1541
4294967294,1540
4294967294,1598
4294967294,1618
4294967294,1612
4294967294,425
